651 176
867 48
1178 70
360 94
978 0
351 146
647 123
1972 177
210 45
879 175
1273 30
1192 124
299 16
306 142
903 192
1879 97
2100 30
118 64
220 159
548 74
1316 118
674 139
237 78
1193 144
807 175
1310 134
782 124
1258 180
949 137
1124 154
555 137
1929 90
926 124
1710 62
993 168
13 80
361 99
2209 89
296 150
2042 178
756 20
1427 43
409 103
838 39
1971 149
1578 28
387 94
672 54
1544 190
2051 167
2103 103
382 134
727 181
1360 127
891 90
1266 48
715 104
1958 129
1938 180
1185 126
1226 87
929 94
2065 79
8 3
316 88
1968 43
427 166
105 84
2137 162
121 122
1352 56
554 175
1112 89
1493 76
115 20
2234 49
2156 80
643 172
2205 8
2307 103
1610 16
736 99
1605 74
1403 149
87 81
1419 30
2230 44
1355 51
1057 131
1752 49
1553 4
543 28
2173 18
494 103
1351 147
2089 32
1303 178
840 0
71 7
63 130
1719 46
2190 101
1204 54
1163 82
2275 186
1926 129
1284 89
1921 47
1616 19
205 144
1849 124
1356 142
1113 90
377 80
535 94
1318 115
598 144
198 144
561 100
1027 47
519 168
308 176
1454 164
59 103
786 94
605 7
207 189
1711 26
2187 173
2150 86
162 17
1102 95
861 142
1463 94
256 44
1137 142
1656 178
1880 87
2136 162
1404 154
20 189
798 148
381 8
538 94
1345 7
637 82
83 103
1187 151
1037 176
1237 19
270 153
836 104
907 187
857 137
1502 145
859 71
1053 140
429 103
964 74
1017 61
1970 62
458 28
78 158
32 28
834 105
856 137
2074 86
380 94
1110 187
1368 64
1780 99
305 136
209 155
1666 61
1798 130
2289 131
1448 144
1618 39
2126 124
1788 37
869 126
2271 43
483 79
1499 16
277 45
1852 124
221 31
893 182
571 80
411 97
677 175
809 138
585 8
1018 32
845 142
2177 189
1315 129
965 37
447 53
881 26
1449 92
932 28
1689 90
1948 124
1743 25
45 133
2001 90
1526 46
294 134
937 195
588 86
1846 151
1465 28
1886 64
1873 129
1313 131
436 174
829 8
1442 89
393 103
1925 194
534 94
30 86
695 80
1471 116
1681 35
1259 192
1444 29
2285 170
1272 133
1210 139
1566 112
344 103
556 137
1005 132
680 175
1071 105
787 94
352 45
91 110
1637 142
1997 115
1073 81
981 125
261 99
1783 79
1104 136
1405 117
567 99
1827 103
1598 109
1807 39
1551 192
1800 104
1561 126
300 178
1050 146
1891 86
1055 178
888 39
315 88
1776 135
453 151
601 103
175 79
1301 146
1094 19
37 127
123 136
2166 148
394 94
1061 122
913 173
39 15
462 137
767 89
1453 112
331 136
1490 80
194 144
2171 161
2196 39
634 182
322 87
1964 84
266 55
1023 185
1868 154
579 36
1290 151
1878 98
1932 90
1036 49
1941 57
817 122
923 72
1708 37
1338 191
1298 148
2228 33
2090 2
572 79
1014 163
1994 192
2093 192
1047 148
1189 94
1744 47
1058 131
53 181
1228 76
1795 124
505 103
752 127
1196 157
792 94
2079 39
931 106
365 99
1056 135
1337 145
986 49
1161 127
2132 170
583 17
1581 28
771 158
2160 162
900 103
152 110
2067 37
1767 139
994 139
1770 167
2011 57
318 139
1292 164
915 44
1837 173
1786 74
990 69
1889 7
343 139
398 103
584 8
1004 94
1875 115
1374 99
292 146
1562 88
1380 193
1121 44
1617 39
141 140
1912 162
2 37
1134 7
576 76
1736 103
339 176
358 175
265 142
376 94
1418 30
1135 102
439 20
271 124
2005 107
1357 107
244 139
925 94
1947 117
998 94
1087 87
862 94
2217 177
607 56
415 169
273 135
1195 106
780 176
1466 28
250 15
413 29
1621 161
1703 39
1607 37
310 174
2023 70
1078 90
425 95
2240 170
1299 195
2086 43
721 83
1763 146
348 135
1344 162
1586 116
526 176
948 175
363 17
182 121
170 181
1241 104
1532 116
985 19
812 159
187 174
619 94
151 110
158 155
1740 29
272 98
614 73
2020 4
1518 40
1263 131
371 8
222 31
593 150
476 28
1387 154
1672 193
1701 79
839 35
687 122
1746 144
136 13
518 168
628 148
334 35
781 124
1244 35
1801 81
1946 28
999 94
1565 151
710 48
15 189
1103 134
287 86
1216 135
2043 178
1349 98
2124 124
570 80
654 176
1580 77
1264 43
465 28
1159 30
199 122
1146 49
1564 1
1379 112
2037 124
1472 194
1533 51
1813 137
1935 89
1221 129
591 86
1285 102
2186 136
1068 130
1845 112
1791 8
1732 5
1957 173
1835 187
816 122
43 173
2185 115
274 175
1429 57
865 8
101 113
1629 112
1125 71
1904 12
107 87
1334 81
497 136
2297 10
802 146
1692 149
2298 66
1034 60
1261 130
2242 137
1441 70
1684 124
2121 47
2058 131
2252 115
712 105
72 141
500 133
1574 124
1517 95
2223 103
481 69
1395 28
506 103
1194 94
2163 90
2306 81
1622 161
1382 103
2302 170
1133 118
1729 41
1333 105
1858 21
1231 8
311 194
1208 178
405 103
757 58
1973 177
1477 154
1100 122
1487 115
309 115
226 179
743 141
806 139
2134 137
1309 154
1830 43
1991 124
1207 140
1560 126
1177 70
148 94
1040 151
1727 53
1170 43
291 137
692 87
818 122
704 8
1198 157
821 99
1778 122
575 78
557 167
1829 53
701 64
1131 32
2045 170
921 176
2064 80
2081 161
905 22
1753 12
1249 142
2113 184
748 30
1510 19
1850 136
167 28
730 144
1501 62
26 183
1132 81
2019 5
997 141
1359 61
2195 149
1592 144
41 5
2189 144
2120 47
2078 39
2054 152
609 148
2102 46
1856 149
1645 100
2110 32
493 80
236 7
551 175
520 29
1393 105
720 189
1611 8
2039 148
58 167
631 69
1983 8
592 150
1979 53
939 146
904 192
1646 107
2218 171
1375 149
1706 97
1615 81
706 86
1022 44
745 133
2148 2
1596 122
513 53
81 159
2050 167
914 144
2127 124
150 142
774 88
329 8
6 145
943 54
1341 64
2219 69
909 187
468 150
181 151
164 151
451 103
490 94
1176 89
1864 167
1251 129
2145 80
1245 145
1455 164
1509 19
327 109
442 133
2191 168
1164 61
832 62
2085 93
1105 139
86 45
2255 101
777 176
1987 121
54 178
1582 148
1414 51
1322 87
113 5
987 133
1590 136
1320 98
1009 133
589 86
1854 148
2224 121
1761 148
285 131
428 103
1420 57
669 28
31 78
722 83
951 135
1483 135
214 45
1506 130
326 64
560 159
1086 28
1543 82
341 36
147 149
1552 192
1107 139
2029 29
966 36
1072 105
155 87
1394 150
1347 137
1962 87
1556 44
1825 61
1559 93
2174 101
2236 28
2167 44
1505 150
1677 173
2073 111
938 149
2075 19
346 130
1808 0
2287 149
385 78
1908 139
1370 144
243 122
2303 124
936 28
1924 112
312 172
2254 136
1281 192
968 8
660 94
1942 102
370 99
566 99
1657 142
824 144
982 95
1720 82
813 139
778 176
1052 21
2278 20
1013 103
1436 147
1847 164
1473 194
126 124
887 95
2193 146
1007 181
355 45
2131 175
682 137
2000 27
1255 93
984 148
1882 78
140 119
1877 99
1741 65
1385 177
2053 155
1433 5
1223 136
1867 155
711 105
1157 133
2117 44
871 176
10 52
1462 94
1423 190
754 103
626 126
1452 49
129 178
843 40
323 189
1421 103
1737 44
2239 179
14 146
1739 44
215 45
1361 151
2304 19
1182 123
1383 178
1314 129
864 192
516 20
597 0
195 29
288 20
950 137
1538 30
2133 170
1120 37
549 175
156 45
419 159
922 176
477 28
1381 164
553 175
1202 195
390 175
578 36
2138 155
1376 139
2096 16
820 136
2211 181
1006 26
1248 189
1927 190
664 94
2123 96
142 81
1975 180
1539 103
421 124
799 148
615 99
295 124
401 168
88 87
1728 10
2273 32
131 3
1321 98
1451 126
1748 144
1953 10
2147 64
724 73
1486 129
269 176
1842 93
1769 137
917 158
1915 122
1967 7
1340 105
375 94
333 154
1508 81
2170 89
1118 25
910 187
776 49
1628 7
328 132
1993 142
2087 144
12 178
897 103
171 159
260 99
1573 124
1839 65
901 192
258 8
844 191
138 50
319 56
1989 180
1599 136
1747 63
558 167
139 119
112 189
531 124
224 51
723 73
2144 99
1910 104
325 136
1639 99
1411 39
714 19
846 144
193 122
573 79
946 139
503 103
1523 142
1513 104
645 9
3 130
2164 19
467 167
5 48
1724 103
1789 37
547 74
228 131
1063 115
542 28
242 80
898 23
1669 82
1160 46
1545 121
1702 44
842 95
1851 124
1503 86
276 45
661 94
1871 129
1836 187
314 103
1343 192
1557 18
691 98
1960 126
424 100
594 0
2288 32
622 22
1521 161
1362 104
227 179
1456 181
1169 43
1730 57
1430 10
66 47
24 143
1235 48
144 86
536 94
811 162
1893 19
85 160
1254 74
2055 144
1731 10
1620 189
1398 181
484 79
2059 129
2206 28
2115 89
1489 98
2274 131
362 99
749 180
2018 32
1026 25
1030 92
1577 106
1335 48
1762 195
2179 46
665 106
364 17
1239 19
77 94
27 146
1876 100
525 176
725 181
55 148
638 103
302 84
718 0
1642 99
624 173
7 106
1280 10
803 116
1049 195
336 8
47 97
1931 90
106 77
349 48
1079 26
238 8
213 177
1144 80
1626 110
1480 129
793 94
1096 150
1651 144
1461 124
2107 20
345 7
523 158
232 136
644 158
1965 104
1428 43
533 94
2026 70
603 94
1567 112
1426 23
1074 19
1699 139
60 6
1640 19
92 80
666 106
1446 123
2077 104
280 86
1833 103
359 94
1525 192
1397 76
1691 86
847 32
1206 54
1793 115
110 87
42 8
125 167
204 148
52 28
545 28
68 136
2266 35
2017 10
1612 62
1424 121
183 133
137 13
899 32
796 106
132 3
80 78
1936 171
2007 61
541 28
1019 5
2213 142
983 182
165 176
248 37
1331 130
446 53
1494 74
858 137
1358 107
1784 74
97 175
1511 19
805 178
737 78
1632 130
1694 37
102 81
434 137
74 79
577 76
1558 158
1855 148
1230 167
918 47
1326 64
2140 129
2114 168
2076 19
762 144
989 181
388 103
235 135
1963 39
267 87
1329 145
1541 103
117 87
437 76
673 178
249 122
2031 18
2305 144
94 45
1601 97
33 142
1907 192
2112 192
448 74
1469 28
716 35
1641 99
1978 112
0 156
1790 8
1101 122
1108 51
1735 147
82 160
1481 135
1673 79
676 175
1892 130
1046 148
1460 124
770 185
1575 94
2022 172
517 20
1943 186
404 103
384 78
2024 89
1742 102
104 148
2204 51
688 136
1700 159
826 134
1240 104
62 78
1305 170
852 103
1760 124
1262 99
223 178
145 130
1088 110
373 175
2199 44
1142 170
2212 181
1949 90
1274 121
1265 179
2066 64
2099 90
9 49
449 74
708 150
255 15
882 31
389 103
1709 19
2215 84
908 187
924 164
751 46
1594 122
460 0
1647 81
1224 136
1168 53
958 136
501 133
739 189
40 103
868 49
731 191
539 169
1201 195
1339 167
697 78
1814 151
1792 7
1371 124
1145 8
1031 126
372 8
667 169
1431 32
1988 10
357 45
967 17
783 124
735 56
1353 192
1035 49
970 8
2129 28
1940 189
2175 137
2154 155
1396 139
1536 90
1894 35
1985 61
1549 32
1328 62
1756 164
1945 34
1425 103
1464 106
1555 44
1250 164
1252 61
2243 167
2143 115
1236 81
885 139
79 159
1172 192
814 131
1668 46
671 149
1995 135
1826 127
57 148
133 119
1140 56
933 148
928 124
823 64
1432 5
1775 152
1531 162
1214 159
504 103
2282 162
347 138
386 94
1024 158
1384 118
894 46
828 8
2250 129
475 86
1917 104
1911 104
1888 16
1818 44
652 176
172 82
1474 178
1149 94
38 32
1554 173
713 81
90 103
166 15
1205 54
875 161
1869 154
2118 44
2249 135
1093 48
1155 177
1324 87
1771 162
1350 104
510 103
1680 35
499 69
1764 21
1388 123
1519 97
1671 192
338 158
2097 51
1188 112
28 110
1540 103
1217 135
1723 103
794 94
945 178
1920 158
169 181
1828 57
1676 173
1197 157
1542 82
1253 121
1820 30
912 187
491 99
953 131
1097 178
1032 126
587 8
750 46
657 124
234 15
732 126
2301 14
1186 110
1156 69
1916 139
1859 178
2084 85
934 77
1209 139
1065 17
1716 30
108 35
2010 103
568 97
1167 53
1174 187
1588 139
1507 105
1492 78
890 181
947 175
1048 56
2035 124
1866 159
1887 37
884 137
143 151
2267 35
1999 51
850 78
1587 178
1407 78
734 137
717 0
454 36
264 82
75 64
1256 25
444 176
395 94
1872 129
176 137
1042 106
2157 144
1824 103
2119 25
2226 10
595 0
61 99
1296 28
872 139
1944 28
216 88
278 45
1548 57
1718 46
1392 146
36 142
2152 189
1974 139
662 94
1840 25
2200 43
1885 64
977 48
1571 124
1122 103
1712 27
738 130
191 144
919 123
456 124
1417 90
675 175
760 192
2201 144
2083 124
728 127
2098 90
1399 190
412 29
1098 178
1516 95
1649 178
1524 103
825 36
1951 30
616 104
114 8
417 175
2260 8
1625 158
969 8
604 7
2265 19
89 45
848 20
1980 162
2264 86
753 103
498 69
1276 43
1325 80
1630 154
11 52
396 148
284 8
2256 99
1066 145
1191 124
1440 70
1600 97
2159 144
2158 35
1450 126
690 99
2225 91
1568 108
2241 170
2229 103
689 136
1687 139
851 174
1498 34
159 142
895 103
496 136
257 99
1782 80
335 8
2244 162
1039 164
515 103
1348 136
1015 121
768 44
2165 192
441 94
1934 173
761 192
1246 191
1203 137
1913 104
1123 140
1860 139
1781 87
521 29
1785 74
22 160
356 45
2198 91
1277 32
1312 131
1635 162
550 175
340 87
431 103
473 86
217 88
911 187
1227 80
2063 98
1011 180
957 122
1773 159
93 45
1008 177
1070 48
1092 137
2057 131
1308 162
696 80
1109 75
996 62
1458 124
1679 170
153 0
1099 103
246 103
2308 185
789 94
580 134
1470 195
703 8
1212 170
1295 106
896 121
1260 192
487 127
1624 192
559 159
1141 170
2151 104
1119 144
801 157
1774 152
512 53
633 30
1928 165
1664 88
1012 46
2014 57
1150 48
790 94
2162 130
116 61
1497 34
740 137
2130 139
1081 122
1627 7
1810 142
830 8
119 8
656 164
2106 103
2070 8
2259 16
635 103
369 99
268 158
655 114
2125 124
935 56
822 74
866 140
46 141
1373 19
883 176
991 69
876 137
773 88
1219 131
1126 158
4 130
2188 173
1003 142
1595 122
2149 130
263 155
2111 103
612 139
443 133
1002 81
1077 82
2283 122
837 39
681 138
1715 90
304 150
1365 115
2033 151
313 87
149 183
1148 54
1213 137
574 78
1721 163
1688 139
50 43
2036 124
726 92
1823 103
833 48
1377 115
1115 86
1166 23
470 0
1906 105
971 178
653 176
399 103
511 103
2276 180
320 105
19 11
684 159
35 176
1848 164
902 192
2183 144
827 17
524 176
407 136
920 85
1841 123
1890 81
537 94
758 23
1705 151
2258 16
1062 122
1199 157
245 147
1834 192
1416 90
1952 80
1127 86
784 124
2009 20
1409 64
489 94
154 112
1662 130
961 97
1686 171
853 147
1966 136
1311 134
625 26
1815 103
685 129
2216 139
2040 149
569 97
565 99
1758 94
2025 70
1816 74
17 151
127 97
1346 154
1279 103
2291 124
2006 46
927 124
980 125
252 26
190 189
1139 152
992 103
699 74
606 128
180 153
301 110
1060 122
2176 124
1069 48
1243 35
16 160
2293 62
546 28
658 124
2082 152
2109 57
1504 86
959 99
797 106
225 179
1799 105
2281 170
1693 187
1045 148
469 150
954 131
2290 184
639 103
2141 122
1218 131
1158 30
1415 177
2091 2
1527 103
2251 129
1300 149
2210 146
1603 80
160 153
1704 43
956 122
2247 135
877 7
1919 92
1884 74
98 126
2181 87
253 17
103 131
1445 25
1443 89
1648 192
586 8
627 135
1696 102
2101 30
403 158
1154 181
1682 35
2056 135
2194 150
452 151
1327 8
2049 137
880 122
2248 135
623 139
1787 64
262 28
1634 37
1438 187
1969 170
1802 81
640 192
2184 151
1959 57
488 122
1843 126
1734 192
146 130
1534 51
1986 129
1369 139
2262 166
659 94
1794 86
186 103
1147 146
608 177
1930 16
197 158
293 134
766 173
400 168
122 16
202 78
835 86
1439 172
1733 192
1695 144
1707 121
2245 162
1153 191
1661 28
1759 124
854 158
1589 137
641 192
1 45
698 79
1636 144
1291 112
2202 144
1520 189
1853 124
1136 117
2233 25
1631 109
1998 35
663 94
683 167
1257 103
317 142
648 110
1434 192
1479 139
709 130
1282 192
1768 139
972 130
1306 170
1400 64
1408 97
1496 37
2038 148
1529 136
1663 82
1354 28
2263 86
2269 161
1643 112
1051 146
795 94
1597 115
1819 161
1722 121
1183 93
1059 129
540 169
1678 173
1757 77
1923 149
95 45
1020 192
563 100
863 98
1484 134
1881 80
1038 112
206 15
392 103
870 115
397 148
2220 30
1028 144
1485 131
960 98
1570 124
1895 145
2146 78
804 178
1751 110
502 103
779 112
1863 170
200 139
2182 69
2088 104
1796 130
378 80
418 159
1698 195
391 175
1522 161
1162 103
1495 64
2027 44
1152 95
1367 80
64 45
2062 99
1180 44
492 99
379 94
2235 151
763 22
791 94
1076 0
878 142
337 176
1016 103
1275 121
455 36
815 131
995 122
1981 103
201 122
161 103
1579 77
702 17
1500 8
1129 62
1021 192
1585 21
1955 112
2253 136
34 177
775 67
1478 152
1390 135
2139 139
1363 148
2041 194
241 7
2061 115
600 103
1297 148
2214 30
2068 34
646 9
1528 137
1267 81
1899 142
562 100
189 24
1806 19
975 104
2047 170
1082 115
474 86
747 133
21 130
459 0
1184 93
955 129
1215 159
1515 0
769 29
1685 124
130 136
2135 167
1482 135
330 149
1238 19
466 167
2169 186
1638 149
1095 104
1130 24
1294 106
860 81
